image_width: 800
image_height: 600
camera_name: left
camera_matrix:
  rows: 3
  cols: 3
  data: [1100.40356994799, 0, 420.701586051222, 0, 1096.1326773227, 313.226726246172, 0, 0, 1]
distortion_model: plumb_bob
distortion_coefficients:
  rows: 1
  cols: 5
  data: [-0.22217843171759, 0.168740862409515, -0.000751634562408976, -0.00230362887211808, 0]
rectification_matrix:
  rows: 3
  cols: 3
  data: [0.997267701023624, 0.0119925956403123, 0.0728924560216202, -0.0123471280507743, 0.999914023967028, 0.00441509942853983, -0.0728332405152596, -0.00530304854532501, 0.997330034016911]
projection_matrix:
  rows: 3
  cols: 4
  data: [782.614680574644, 0, 449.04384803772, 0, 0, 782.614680574644, 317.874423980713, 0, 0, 0, 1, 0]