image_width: 1600
image_height: 1200
camera_name: left
camera_matrix:
  rows: 3
  cols: 3
  data: [2228.61807172618, 0, 906.833161894398, 0, 2221.08498956946, 662.35421950749, 0, 0, 1]
distortion_model: plumb_bob
distortion_coefficients:
  rows: 1
  cols: 5
  data: [-0.209948671262946, -0.0151490908691706, -0.00250763140101897, 0.00148045810427905, 0]
rectification_matrix:
  rows: 3
  cols: 3
  data: [0.994840084546327, -0.00701968202737299, -0.101212302829708, 0.00713225218945198, 0.99997428361489, 0.000750391627402232, 0.10120443250453, -0.00146839133850436, 0.994864566998098]
projection_matrix:
  rows: 3
  cols: 4
  data: [3186.99153155317, 0, 934.664245605469, 0, 0, 3186.99153155317, 642.79906463623, 0, 0, 0, 1, 0]