image_width: 800
image_height: 600
camera_name: right
camera_matrix:
  rows: 3
  cols: 3
  data: [1099.82472619367, 0, 438.522585217341, 0, 1095.68375064037, 323.026029125984, 0, 0, 1]
distortion_model: plumb_bob
distortion_coefficients:
  rows: 1
  cols: 5
  data: [-0.224755422983804, 0.206216845652549, -0.00118097693855892, -0.00169544853567901, 0]
rectification_matrix:
  rows: 3
  cols: 3
  data: [0.994516725343683, 0.00862237423613886, -0.104221579695419, -0.00912973478573268, 0.999948677778239, -0.00439201005170615, 0.104178361258079, 0.00531944283586862, 0.994544404525759]
projection_matrix:
  rows: 3
  cols: 4
  data: [782.614680574644, 0, 449.04384803772, -112.231295937505, 0, 782.614680574644, 317.874423980713, 0, 0, 0, 1, 0]