image_width: 1600
image_height: 1200
camera_name: right
camera_matrix:
  rows: 3
  cols: 3
  data: [2223.32136043066, 0, 891.380860123475, 0, 2223.46226565915, 620.78332420763, 0, 0, 1]
distortion_model: plumb_bob
distortion_coefficients:
  rows: 1
  cols: 5
  data: [-0.183957353097164, -0.0161873974525777, -0.00163812053060154, 0.0034734148136091, 0]
rectification_matrix:
  rows: 3
  cols: 3
  data: [0.996666687637821, -0.00416529785273734, 0.0814749289465948, 0.00425587520931876, 0.999990503712349, -0.000938089188773174, -0.0814702478163495, 0.00128170937476823, 0.996674949992133]
projection_matrix:
  rows: 3
  cols: 4
  data: [3186.99153155317, 0, 934.664245605469, 456.003325745457, 0, 3186.99153155317, 642.79906463623, 0, 0, 0, 1, 0]