image_width: 800
image_height: 600
camera_name: left
camera_matrix:
  rows: 3
  cols: 3
  data: [1094.52075297342, 0, 471.481302163187, 0, 1083.06042533285, 346.751256756454, 0, 0, 1]
distortion_model: plumb_bob
distortion_coefficients:
  rows: 1
  cols: 5
  data: [-0.218090482354295, 0.264560903500266, -0.000727599689114963, -0.000331276315827833, 0]
rectification_matrix:
  rows: 3
  cols: 3
  data: [0.998294423418199, -0.0156544559032998, -0.0562421744111758, 0.0155854140013298, 0.99987715206877, -0.00166602558608522, 0.0562613459004726, 0.000786626479327747, 0.998415766189742]
projection_matrix:
  rows: 3
  cols: 4
  data: [1537.62483608724, 0, 424.720907211304, 0, 0, 1537.62483608724, 340.245248794556, 0, 0, 0, 1, 0]