image_width: 800
image_height: 600
camera_name: right
camera_matrix:
  rows: 3
  cols: 3
  data: [1092.78284971629, 0, 436.502391303453, 0, 1084.72806194197, 332.169647885545, 0, 0, 1]
distortion_model: plumb_bob
distortion_coefficients:
  rows: 1
  cols: 5
  data: [-0.202787398205155, 0.13086359523146, -0.00136001622252151, -0.00230073779536768, 0]
rectification_matrix:
  rows: 3
  cols: 3
  data: [0.994386663480089, -0.0132593473473331, 0.104973107036324, 0.0131303700499295, 0.999911950225002, 0.00191968215730237, -0.104989317910388, -0.000530570594664366, 0.994473208095399]
projection_matrix:
  rows: 3
  cols: 4
  data: [1537.62483608724, 0, 424.720907211304, 219.194753396778, 0, 1537.62483608724, 340.245248794556, 0, 0, 0, 1, 0]